[header]
width=10
height=10
tilewidth=52
tileheight=52
orientation=orthogonal
mapdata_version_mines=1

[tilesets]
tileset=,60,52,0,0

[layer]
type=Tile Layer 1
data=
1,1,1,1,1,1,1,1,1,1,
1,3,7,1,5,5,1,0,2,1,
1,5,8,1,1,1,1,2,0,1,
1,4,3,1,5,2,1,3,0,1,
1,2,2,1,1,1,1,1,0,1,
1,3,1,3,3,3,2,1,0,1,
1,1,1,1,1,1,5,1,2,1,
1,3,5,7,1,1,1,1,3,1,
1,8,2,2,1,4,0,2,3,1,
1,1,1,1,1,1,1,1,1,1

[layer]
type=Cover layer
data=
0,0,0,0,0,0,0,0,0,0,
0,6,6,0,0,6,0,6,6,0,
0,0,6,0,0,0,0,6,6,0,
0,6,6,0,0,6,0,0,0,0,
0,6,6,0,0,0,0,0,6,0,
0,6,0,0,6,6,6,0,6,0,
0,0,0,0,0,0,0,0,6,0,
0,0,0,0,0,0,0,0,0,0,
0,0,6,6,0,0,6,6,0,0,
0,0,0,0,0,0,0,0,0,0

